These are the JMA best tracks of the typhoons over the LETKF experiment period.


66666 0810  010 0015 0810 0 6             PHANFONE              20080926
08080912 002 2 273 1514 1002     000                                    
08080918 002 2 278 1524 1002     000                                    
08081000 002 2 289 1539 1002     000                                    
08081006 002 3 308 1559 1000     035     00000 0000 30130 0060          
08081012 002 3 325 1582  998     045     00000 0000 30130 0060          
08081018 002 4 350 1603  996     050     00000 0000 30160 0100          
08081100 002 3 394 1632  998     040     00000 0000 40120 0070          
08081106 002 6 417 1645 1000     000                                    
08081112 002 6 426 1652 1006     000                                    
08081118 002 6 443 1674 1012     000                                    
66666 0811  024 0016 0811 1 0             VONGFONG              20080930
08081318 002 2 237 1326 1004     000                                    
08081400 002 2 251 1328 1002     000                                    
08081406 002 2 261 1331 1002     000                                    
08081412 002 2 271 1335 1002     000                                    
08081418 002 2 281 1340 1002     000                                    
08081500 002 2 292 1346 1000     000                                    
08081506 002 3 302 1355  996     035     00000 0000 30120 0060          
08081512 002 3 309 1367  996     035     00000 0000 30120 0060          
08081515 002 3 314 1378  996     035     00000 0000 30120 0060          
08081518 002 3 320 1389  994     040     00000 0000 30140 0060          
08081521 002 3 324 1397  994     040     00000 0000 30140 0060          
08081600 002 3 328 1408  992     045     00000 0000 30150 0070          
08081603 002 3 332 1418  992     045     00000 0000 30150 0070          
08081606 002 4 337 1430  990     050     00000 0000 30160 0090          
08081612 002 4 346 1454  990     050     00000 0000 30160 0100          
08081618 002 4 359 1482  990     050     00000 0000 30160 0140          
08081700 002 4 375 1512  990     050     00000 0000 30160 0140          
08081706 002 4 391 1549  990     050     00000 0000 30160 0080          
08081712 002 4 407 1592  990     050     00000 0000 30160 0050          
08081718 002 4 424 1643  990     050     00000 0000 30160 0050          
08081800 002 6 441 1685  992     000                                    
08081806 002 6 461 1720  992     000                                    
08081812 002 6 475 1765  992     000                                    
08081818 002 6 481 1815  996     000                                    
66666 0812  024 0017 0812 0 6                 NURI              20081001
08081706 002 2 155 1386 1006     000                                    
08081712 002 2 156 1367 1004     000                                    
08081718 002 3 157 1351 1000     035     00000 0000 90080 0080          
08081800 002 3 158 1334  996     035     00000 0000 90100 0100          
08081806 002 3 160 1317  990     045     00000 0000 90100 0100          
08081812 002 4 162 1302  980     055     90040 0040 90120 0120          
08081818 002 5 167 1286  970     065     90050 0050 90150 0150          
08081900 002 5 171 1270  960     070     90065 0065 90150 0150          
08081906 002 5 176 1255  955     075     90080 0080 90180 0180          
08081912 002 5 180 1243  955     075     90080 0080 90180 0180          
08081918 002 5 184 1232  955     075     90080 0080 90180 0180          
08082000 002 5 187 1220  955     075     90080 0080 90180 0180          
08082006 002 5 189 1211  955     075     90080 0080 40210 0180          
08082012 002 5 196 1205  955     075     90080 0080 40240 0180          
08082018 002 5 199 1190  955     075     90080 0080 40240 0180          
08082100 002 5 201 1180  960     070     90070 0070 40240 0150          
08082106 002 5 203 1171  960     070     90070 0070 40240 0150          
08082112 002 5 205 1165  965     065     90060 0060 30210 0150          
08082118 002 4 208 1158  970     060     90050 0050 30210 0150          
08082200 002 4 215 1151  975     055     90040 0040 30210 0100          
08082206 002 4 221 1144  980     050     00000 0000 30210 0100          
08082212 002 3 225 1142  990     045     00000 0000 30180 0100          
08082218 002 3 227 1132  996     040     00000 0000 30150 0100          
08082300 002 2 231 1124 1000     000                                    
66666 0813  085 0019 0813 0 6              SINLAKU              20081027
08090800 002 2 154 1266 1004     000                                    
08090806 002 2 158 1263 1002     000                                    
08090812 002 2 162 1259 1002     000                                    
08090818 002 3 167 1257  996     035     00000 0000 90100 0100          
08090900 002 3 173 1255  990     045     00000 0000 20150 0120          
08090906 002 4 178 1252  985     055     90050 0050 20150 0120          
08090912 002 5 185 1251  975     065     90060 0060 20180 0150          
08090918 002 5 191 1249  970     070     90070 0070 20200 0160          
08091000 002 5 198 1244  965     080     90080 0080 20220 0180          
08091006 002 5 202 1242  945     090     90080 0080 90200 0200          
08091012 002 5 206 1243  935     100     90080 0080 90200 0200          
08091018 002 5 208 1242  935     100     90080 0080 90200 0200          
08091100 002 5 209 1244  935     100     90080 0080 90200 0200          
08091106 002 5 215 1246  935     100     90080 0080 90200 0200          
08091112 002 5 220 1248  935     100     90080 0080 90200 0200          
08091115 002 5 221 1248  940     095     90080 0080 90200 0200          
08091118 002 5 223 1248  940     095     90080 0080 90200 0200          
08091121 002 5 226 1247  940     095     90080 0080 90200 0200          
08091200 002 5 228 1245  940     095     90080 0080 90200 0200          
08091203 002 5 232 1243  940     095     90080 0080 90200 0200          
08091206 002 5 234 1240  940     095     90080 0080 90200 0200          
08091209 002 5 235 1237  940     095     90080 0080 90200 0200          
08091212 002 5 236 1235  945     090     90080 0080 90200 0200          
08091215 002 5 237 1233  945     090     90080 0080 90200 0200          
08091218 002 5 238 1231  945     090     90080 0080 90200 0200          
08091221 002 5 240 1230  945     090     90080 0080 90200 0200          
08091300 002 5 241 1228  945     090     90080 0080 40220 0180          
08091303 002 5 242 1226  945     090     90080 0080 40220 0180          
08091306 002 5 243 1225  945     090     90090 0090 40220 0180          
08091309 002 5 244 1224  945     090     90090 0090 40240 0180          
08091312 002 5 245 1224  950     090     90090 0090 40240 0180          
08091315 002 5 246 1222  950     090     90090 0090 40240 0180          
08091318 002 5 247 1219  960     080     30110 0080 40240 0180          
08091321 002 5 244 1217  960     075     30110 0080 40240 0180          
08091400 002 5 247 1218  975     065     30090 0060 40210 0150          
08091403 002 5 252 1217  975     065     30090 0060 40210 0150          
08091406 002 4 253 1213  985     060     90070 0070 40210 0150          
08091409 002 4 252 1210  985     060     90070 0070 40210 0150          
08091412 002 4 253 1209  985     060     90060 0060 40210 0150          
08091418 002 4 257 1209  985     055     90050 0050 30200 0150          
08091500 002 4 262 1212  985     050     00000 0000 30200 0150          
08091506 002 4 267 1217  985     050     00000 0000 30180 0150          
08091512 002 4 269 1224  985     050     00000 0000 30180 0150          
08091518 002 4 270 1231  985     050     00000 0000 30150 0120          
08091600 002 3 271 1235  990     045     00000 0000 30150 0090          
08091606 002 3 272 1242  992     040     00000 0000 30150 0090          
08091612 002 3 272 1248  992     040     00000 0000 30150 0090          
08091618 002 3 272 1254  992     040     00000 0000 30150 0090          
08091700 002 3 273 1262  990     045     00000 0000 20150 0090          
08091706 002 3 279 1271  990     045     00000 0000 20150 0090          
08091712 002 4 286 1278  985     050     00000 0000 20150 0090          
08091715 002 4 291 1281  985     050     00000 0000 20150 0090          
08091718 002 4 294 1284  985     050     00000 0000 20150 0090          
08091721 002 4 297 1287  985     050     00000 0000 20150 0090          
08091800 002 4 300 1290  985     050     00000 0000 20150 0090          
08091803 002 4 301 1299  980     055     90030 0030 20150 0090          
08091806 002 4 305 1305  980     060     90030 0030 20150 0090          
08091809 002 4 307 1309  980     060     90030 0030 20150 0090          
08091812 002 4 308 1315  985     060     90030 0030 20140 0090          
08091815 002 4 312 1322  985     060     90030 0030 20140 0090          
08091818 002 4 318 1326  985     060     90030 0030 20130 0090          
08091821 002 4 322 1333  985     060     90030 0030 20130 0090          
08091900 002 5 325 1341  980     065     90030 0030 20130 0090          
08091903 002 5 327 1349  980     065     90030 0030 20130 0090          
08091906 002 5 331 1357  980     065     90030 0030 20130 0090          
08091909 002 5 336 1369  980     065     90025 0025 20130 0090          
08091912 002 5 338 1379  985     065     90025 0025 20130 0090          
08091915 002 5 342 1388  985     065     90025 0025 20130 0090          
08091918 002 5 343 1398  985     065     90025 0025 20090 0060          
08091921 002 4 346 1410  990     060     90025 0025 30090 0060          
08092000 002 4 349 1421  990     055     90025 0025 30090 0060          
08092006 002 4 351 1447  992     055     90025 0025 30090 0060          
08092012 002 4 352 1471  992     050     00000 0000 30090 0060          
08092018 002 3 351 1499  994     045     00000 0000 30090 0060          
08092100 002 6 350 1528  996     000                                    
08092106 002 6 350 1550 1000     000                                    
08092112 002 6 350 1577 1000     000                                    
08092118 002 6 348 1602 1000     000                                    
08092200 002 6 342 1621 1002     000                                    
08092206 002 6 337 1636 1002     000                                    
08092212 002 6 334 1647 1004     000                                    
08092218 002 6 333 1656 1006     000                                    
08092300 002 6 334 1666 1006     000                                    
08092306 002 6 337 1679 1006     000                                    
08092312 002 6 343 1697 1008     000                                    
66666 0814  034 0021 0814 0 6              HAGUPIT              20081027
08091712 002 2 161 1412 1008     000                                    
08091718 002 2 159 1401 1008     000                                    
08091800 002 2 156 1391 1008     000                                    
08091806 002 2 154 1383 1008     000                                    
08091812 002 2 151 1376 1008     000                                    
08091818 002 2 148 1364 1006     000                                    
08091900 002 2 144 1352 1006     000                                    
08091906 002 2 141 1340 1004     000                                    
08091912 002 3 140 1329 1002     035     00000 0000 90120 0120          
08091918 002 3 137 1319  994     045     00000 0000 90160 0160          
08092000 002 4 135 1311  990     050     00000 0000 50240 0140          
08092006 002 4 141 1297  985     050     00000 0000 50240 0140          
08092012 002 4 144 1289  985     050     00000 0000 50210 0150          
08092018 002 4 155 1280  985     050     00000 0000 50210 0180          
08092100 002 4 161 1272  980     055     90035 0035 30240 0180          
08092106 002 4 171 1265  975     055     90040 0040 30240 0180          
08092112 002 5 181 1257  970     065     90070 0070 30260 0200          
08092118 002 5 187 1247  960     070     90080 0080 20260 0200          
08092200 002 5 189 1234  955     075     90090 0090 90260 0260          
08092206 002 5 194 1221  950     080     90100 0100 90280 0280          
08092212 002 5 195 1209  950     080     90100 0100 90280 0280          
08092218 002 5 200 1191  950     080     90100 0100 90280 0280          
08092300 002 5 202 1173  945     085     90110 0110 60240 0210          
08092306 002 5 204 1156  945     085     90110 0110 60240 0210          
08092312 002 5 206 1142  945     085     90110 0110 90210 0210          
08092318 002 5 211 1125  935     090     90110 0110 90210 0210          
08092400 002 5 215 1107  955     075     30090 0060 30210 0120          
08092406 002 4 218 1091  975     060     90050 0050 30210 0090          
08092412 002 3 219 1079  985     045     00000 0000 30180 0070          
08092418 002 3 224 1070  992     035     00000 0000 30160 0070          
08092500 002 2 223 1062  996     000                                    
08092506 002 2 224 1054  998     000                                    
08092512 002 2 224 1044  998     000                                    
08092518 002 2 223 1032 1000     000                                    
66666 0815  052 0022 0815 0 6               JANGMI              20081107
08092400 002 2 118 1379 1004     000                                    
08092406 002 2 122 1373 1002     000                                    
08092412 002 3 126 1365  998     035     00000 0000 90120 0120          
08092418 002 3 133 1351  992     045     00000 0000 90140 0140          
08092500 002 4 138 1341  985     055     10050 0040 90170 0170          
08092506 002 5 146 1325  975     065     10050 0040 90180 0180          
08092512 002 5 147 1312  970     070     10050 0040 90180 0180          
08092518 002 5 151 1303  965     075     10050 0040 90200 0200          
08092600 002 5 160 1299  960     080     10060 0050 20240 0210          
08092606 002 5 169 1289  955     085     10060 0050 20240 0210          
08092612 002 5 177 1280  940     095     10070 0050 20240 0210          
08092618 002 5 186 1272  930     100     10070 0050 90240 0240          
08092700 002 5 196 1265  920     105     10080 0060 90240 0240          
08092706 002 5 207 1256  910     110     10080 0060 90240 0240          
08092712 002 5 213 1244  905     115     10080 0060 90240 0240          
08092715 002 5 216 1239  905     115     10080 0060 90240 0240          
08092718 002 5 217 1237  905     115     10080 0060 90250 0250          
08092721 002 5 221 1235  905     115     10080 0060 90250 0250          
08092800 002 5 228 1232  910     110     10080 0060 90250 0250          
08092803 002 5 234 1227  915     105     10080 0055 90240 0240          
08092806 002 5 239 1224  925     100     10080 0050 90240 0240          
08092809 002 5 242 1213  935     095     20075 0050 90240 0240          
08092812 002 5 242 1210  950     085     20070 0050 90220 0220          
08092815 002 5 244 1210  960     075     20070 0050 90210 0210          
08092818 002 5 247 1212  970     065     20070 0050 90210 0210          
08092900 002 4 257 1212  985     050     00000 0000 90200 0200          
08092906 002 4 264 1215  990     050     00000 0000 90180 0180          
08092912 002 3 269 1219  992     045     00000 0000 90160 0160          
08092918 002 3 276 1232  992     045     00000 0000 90160 0160          
08093000 002 3 287 1243  994     045     00000 0000 90160 0160          
08093006 002 3 294 1253  994     040     00000 0000 90160 0160          
08093012 002 3 297 1267  996     035     00000 0000 90150 0150          
08093015 002 3 297 1273  996     035     00000 0000 90150 0150          
08093018 002 3 298 1283  996     035     00000 0000 90150 0150          
08093021 002 3 298 1294  998     035     00000 0000 90150 0150          
08100100 002 6 299 1304 1002     000                                    
08100106 002 6 296 1328 1002     000                                    
08100112 002 6 294 1351 1002     000                                    
08100118 002 6 292 1367 1004     000                                    
08100200 002 6 291 1387 1004     000                                    
08100206 002 6 288 1396 1004     000                                    
08100212 002 6 284 1403 1006     000                                    
08100218 002 6 279 1404 1006     000                                    
08100300 002 6 274 1405 1008     000                                    
08100306 002 6 268 1406 1006     000                                    
08100312 002 6 265 1406 1008     000                                    
08100318 002 6 262 1406 1006     000                                    
08100400 002 6 260 1407 1008     000                                    
08100406 002 6 257 1407 1006     000                                    
08100412 002 6 252 1409 1008     000                                    
08100418 002 6 251 1411 1008     000                                    
08100500 002 6 251 1411 1010     000                                    
